1000 4000
0 332 22
0 528 16
0 542 37
0 555 71
0 616 58
0 617 73
0 754 89
0 984 89
0 997 11
1 41 45
1 143 19
1 763 34
2 568 22
2 960 68
3 432 5
3 754 22
3 945 81
4 45 25
5 47 94
5 176 79
5 411 93
6 262 35
6 388 17
6 491 70
6 543 29
7 22 64
7 284 47
7 337 57
7 370 21
7 463 60
7 477 0
8 227 35
8 541 25
8 619 71
8 790 57
8 896 9
8 917 2
9 157 72
9 635 95
9 656 43
9 743 67
9 941 31
10 17 32
10 987 64
11 100 28
11 514 42
11 560 34
11 637 86
11 763 21
11 879 34
11 925 28
11 976 47
12 34 44
12 411 59
12 539 90
12 752 38
12 810 20
12 914 64
13 452 70
13 788 79
13 925 61
14 7 73
14 914 12
15 118 84
15 372 43
15 976 16
16 50 93
16 92 5
16 172 32
16 664 59
16 860 97
17 180 57
17 402 69
17 855 23
17 932 12
18 247 46
18 368 17
18 464 19
18 621 24
18 716 61
18 776 20
19 70 67
19 125 76
19 680 93
19 761 56
20 25 34
20 411 54
21 283 22
21 425 52
22 73 94
22 273 41
23 38 61
23 226 3
23 260 64
23 272 28
23 476 63
23 709 57
24 154 10
24 467 50
24 511 85
24 895 45
25 355 1
25 667 11
27 84 75
27 148 93
27 205 18
27 217 85
27 361 52
27 408 45
28 101 68
28 119 77
28 200 80
28 319 84
28 453 9
28 486 53
28 543 47
28 614 60
28 631 89
29 117 24
29 827 54
29 987 42
30 249 75
30 326 11
30 345 16
30 413 68
30 756 65
30 806 9
31 66 29
31 252 53
31 268 26
32 65 16
32 223 87
32 387 84
32 508 96
32 917 30
32 988 39
33 57 65
33 600 64
33 773 94
34 501 71
34 842 7
34 939 4
35 179 54
35 285 28
35 565 26
35 673 34
36 47 5
36 600 66
36 984 12
37 35 99
37 195 30
37 270 62
37 859 23
37 902 35
38 12 84
38 170 62
38 179 90
38 360 71
38 388 55
38 884 59
39 163 0
40 313 75
40 424 1
40 488 85
40 531 33
40 710 38
40 942 64
40 986 34
41 125 34
41 467 34
41 485 63
42 187 42
42 317 45
42 357 41
42 750 49
43 103 23
43 564 79
43 742 21
44 258 35
44 342 67
44 502 57
44 591 3
44 699 62
45 435 92
46 627 44
47 44 9
47 73 65
47 405 90
47 581 82
47 785 31
47 831 86
47 981 55
47 990 40
48 26 40
48 51 70
48 358 80
48 469 30
48 529 90
48 565 21
48 655 7
48 760 80
48 768 24
48 848 4
48 930 73
49 5 86
49 106 94
49 206 1
49 396 26
49 518 67
50 26 66
50 610 91
50 642 54
50 655 19
50 679 68
51 327 30
51 391 34
51 736 55
51 864 77
52 295 20
52 350 50
52 565 91
52 731 87
52 771 56
53 2 31
53 7 69
53 43 22
53 385 39
53 708 8
54 167 12
54 285 85
54 517 92
54 972 8
55 393 38
55 598 72
55 787 24
55 913 62
56 509 33
56 656 62
56 826 2
56 892 50
56 990 82
58 398 31
58 439 3
58 494 54
58 682 17
59 483 21
60 175 74
60 926 10
61 10 80
61 167 3
61 360 67
61 647 39
61 655 15
61 868 21
61 904 38
61 952 70
62 411 11
62 444 59
63 117 17
63 229 52
63 584 25
63 591 34
63 681 3
63 756 7
63 923 11
64 215 93
64 518 99
65 65 13
65 106 65
65 152 13
65 705 27
65 706 20
65 881 74
65 903 32
66 460 91
66 996 73
67 415 45
67 778 73
67 848 75
69 378 27
69 573 44
70 453 4
71 658 22
71 775 9
72 317 58
72 818 10
72 929 41
73 79 9
73 220 37
73 353 81
73 461 73
73 504 62
73 552 15
74 20 27
74 149 30
74 253 22
74 333 15
74 431 52
74 549 74
74 722 11
74 759 50
75 71 90
75 266 29
75 515 21
75 545 12
75 694 87
75 815 37
75 913 42
76 58 93
77 9 3
77 51 3
77 559 59
77 784 75
78 274 10
78 724 81
79 973 69
80 298 91
80 868 11
81 3 30
81 63 44
81 382 89
81 580 7
82 0 60
82 24 0
82 139 67
82 423 55
82 455 97
82 692 8
82 806 36
82 831 39
82 982 31
83 389 35
83 552 98
83 692 32
83 719 96
84 95 25
84 469 7
84 535 0
84 592 25
84 620 91
85 181 29
85 250 91
85 420 31
85 652 51
85 734 90
85 752 21
86 117 41
86 231 80
87 230 42
87 681 64
88 245 31
88 273 15
88 467 75
88 563 34
88 854 13
88 935 79
88 943 37
89 98 97
89 151 4
89 296 50
89 503 66
89 536 43
89 688 14
89 958 38
90 34 15
90 135 0
90 164 97
90 330 81
90 461 32
90 497 89
90 713 31
91 651 87
91 808 18
92 714 73
93 374 69
93 435 24
93 444 9
93 565 36
93 584 87
93 608 72
93 891 22
93 936 46
94 328 37
94 513 38
94 582 67
94 592 70
94 846 43
94 983 64
95 7 56
95 174 38
95 684 16
96 33 93
97 551 95
97 836 91
98 281 69
98 314 20
98 773 27
98 967 94
99 42 55
99 332 44
99 363 45
99 491 40
99 527 25
99 881 23
99 898 74
99 998 3
100 400 58
100 462 83
100 551 76
100 759 42
100 761 17
100 958 71
101 31 40
101 171 5
101 555 85
102 286 68
102 438 0
102 499 17
102 750 88
102 945 76
103 352 79
103 358 38
104 32 16
104 40 37
104 484 43
104 768 68
105 403 49
105 412 65
105 621 95
105 697 17
105 726 1
106 258 97
106 285 50
106 752 21
107 266 57
107 463 16
107 629 13
107 912 32
108 306 47
109 96 81
109 389 83
109 730 90
109 731 87
109 752 90
110 57 66
110 168 17
110 197 97
111 182 56
111 602 22
111 650 49
111 704 35
112 122 29
112 231 77
112 524 34
112 576 45
112 717 96
113 389 10
113 422 45
113 693 1
114 129 93
114 980 58
115 56 40
115 679 10
115 839 58
116 723 85
116 978 6
117 215 55
117 467 70
117 717 3
117 943 27
118 65 63
118 82 29
118 205 40
118 243 88
118 900 0
119 17 13
119 138 66
119 650 93
119 741 32
120 28 56
120 526 6
120 716 38
120 899 34
120 912 97
121 202 45
121 733 13
121 782 82
121 972 96
122 53 97
122 547 77
123 244 82
123 443 31
124 507 7
124 607 74
124 951 5
124 997 54
125 118 37
125 485 62
125 532 78
125 905 7
126 410 77
126 595 95
126 825 59
127 45 0
127 127 11
127 571 14
127 633 40
127 964 40
128 39 27
128 62 26
128 245 39
128 434 41
128 465 29
129 229 65
129 640 60
129 753 79
130 255 66
131 388 44
132 358 88
132 945 93
133 97 79
133 175 41
133 452 0
133 930 46
134 401 78
134 553 33
134 671 57
135 258 93
135 930 34
136 52 82
136 65 5
136 455 62
136 499 75
136 630 14
136 680 98
137 351 31
137 483 41
137 507 93
137 633 41
137 890 63
137 915 88
138 310 67
138 425 99
139 228 80
139 546 62
139 666 37
139 838 81
139 898 73
140 531 86
140 638 91
140 666 32
140 887 88
140 888 54
141 139 88
141 285 77
141 588 81
141 670 45
141 910 96
142 444 55
142 842 60
142 844 16
144 159 16
144 561 80
144 703 49
144 748 15
145 3 52
145 53 9
145 370 13
145 446 0
145 481 14
145 497 66
145 729 59
145 840 33
145 861 51
146 328 55
146 690 49
146 693 91
146 964 86
147 162 55
148 130 4
148 356 24
148 412 92
148 510 96
149 14 95
149 135 90
149 168 38
149 190 46
149 257 12
149 333 65
150 432 72
151 666 83
152 54 45
152 87 70
152 630 72
152 800 87
153 27 91
153 232 47
153 520 90
154 333 56
154 433 54
154 466 33
154 529 52
154 552 43
154 593 59
154 685 50
154 721 89
154 861 34
155 191 90
155 361 64
155 587 57
155 728 55
156 17 0
156 134 60
156 298 49
156 345 51
156 388 46
156 803 66
156 820 32
156 981 95
157 196 18
157 289 92
157 430 23
157 647 82
157 668 56
158 22 46
158 58 94
158 375 44
158 464 62
158 606 38
159 42 39
159 833 70
159 983 65
160 294 54
160 405 25
160 505 53
160 678 36
161 197 95
161 234 58
161 293 47
161 324 71
161 524 49
161 620 43
161 746 38
161 896 41
162 358 20
162 506 78
162 537 51
162 771 37
162 955 83
163 448 96
163 467 92
163 612 74
164 58 11
164 542 19
164 704 18
165 545 27
165 645 20
166 449 22
166 700 67
166 893 74
166 938 26
167 270 38
167 520 60
168 18 87
168 55 91
168 81 71
168 141 62
168 315 96
168 485 34
168 521 98
170 483 17
170 494 16
170 766 42
171 22 44
171 166 96
171 489 40
171 603 42
171 621 88
171 654 47
171 851 95
172 48 23
172 968 58
173 17 78
173 454 9
174 477 54
174 582 39
174 819 43
174 984 59
175 36 61
175 354 48
175 459 25
175 581 87
176 701 15
177 726 22
177 734 20
177 773 70
177 801 3
178 273 89
178 464 57
178 579 58
178 658 84
178 739 3
179 188 73
179 291 71
179 595 69
179 635 57
181 760 74
182 58 26
182 66 16
182 95 28
182 285 88
182 301 93
182 344 42
182 391 95
182 467 20
183 135 28
183 177 20
183 345 28
183 347 23
183 415 48
183 658 95
183 798 92
183 933 95
184 74 19
184 75 82
184 121 6
184 449 28
184 649 50
184 658 84
184 928 94
185 38 53
185 53 12
185 516 8
186 96 48
186 437 98
187 83 85
187 360 13
187 462 43
187 640 79
187 807 9
187 863 61
188 821 64
189 100 12
189 372 19
189 544 51
189 707 35
189 787 90
190 381 10
190 584 6
191 248 22
191 301 78
191 406 4
191 471 59
192 121 19
192 454 69
192 546 64
192 552 17
192 554 24
192 714 41
193 8 54
193 195 97
193 620 97
193 842 22
193 882 76
193 958 79
194 526 78
194 605 59
195 158 7
195 219 84
195 485 93
195 525 64
196 462 33
196 513 31
196 583 50
196 783 28
196 948 72
197 136 43
197 505 36
197 509 52
197 545 54
197 569 33
197 662 28
198 280 79
198 467 81
198 496 86
199 410 13
199 645 72
199 655 50
199 668 84
199 776 61
199 835 73
199 855 63
200 41 60
200 458 18
200 643 56
200 667 72
200 854 90
201 328 42
201 794 84
202 8 34
202 48 6
202 105 38
202 176 80
202 625 77
202 658 2
203 277 25
203 309 8
203 681 23
203 712 17
203 995 62
204 177 5
204 192 9
204 446 12
204 486 19
204 542 24
204 777 89
205 524 78
205 558 23
205 975 39
205 997 46
206 106 2
206 613 69
206 911 14
206 929 93
207 259 6
207 355 96
208 395 26
208 477 3
208 646 76
208 844 69
209 450 80
209 458 25
209 492 99
209 497 83
209 886 6
211 66 27
211 754 80
212 65 19
212 288 82
212 834 49
213 406 70
213 594 7
213 627 2
214 223 57
214 282 7
214 751 32
215 22 87
215 58 75
215 213 49
215 604 44
216 79 68
216 158 27
216 583 33
216 626 57
216 722 42
217 68 35
217 565 42
217 624 84
217 940 12
218 369 72
218 706 34
218 838 44
218 865 33
219 479 17
219 627 88
219 671 64
219 717 93
220 715 44
220 891 23
221 237 4
221 680 37
221 848 68
221 870 26
221 964 81
222 129 61
222 439 41
222 647 50
222 754 52
222 815 60
223 637 49
223 712 86
223 759 34
223 796 31
224 8 44
224 81 95
224 908 37
225 9 12
225 256 40
225 262 82
225 738 9
226 603 4
226 994 45
227 197 92
227 205 91
227 382 10
227 940 40
228 541 59
228 560 67
228 722 68
228 753 9
229 298 56
229 373 0
229 560 18
229 716 32
230 157 81
230 429 24
230 582 11
230 611 9
230 614 98
230 665 52
230 841 25
230 954 1
231 619 80
232 575 32
232 812 31
232 834 41
233 421 61
233 594 76
233 722 71
233 962 90
234 115 10
234 266 47
234 570 5
234 606 80
235 290 12
235 407 77
235 833 11
236 12 74
236 459 43
236 469 24
237 359 39
237 443 13
237 530 13
237 850 59
238 122 23
238 456 3
238 911 52
238 988 75
239 893 53
240 27 10
240 517 6
240 581 23
240 813 74
241 39 93
241 421 88
241 641 46
241 798 89
241 803 6
242 182 71
242 332 42
242 618 70
243 338 84
243 929 14
244 549 94
244 592 61
244 844 49
245 59 69
245 338 44
245 386 51
245 473 74
245 764 38
246 778 89
246 781 3
247 99 50
247 584 48
248 111 75
248 242 48
248 479 7
248 539 65
248 637 57
248 975 30
249 158 48
249 179 79
249 426 40
249 523 58
249 667 28
249 817 18
250 58 21
250 644 52
250 670 45
250 778 60
250 896 96
251 73 47
251 96 98
251 234 62
251 351 90
251 523 65
251 578 98
251 675 36
251 724 76
251 738 70
251 807 30
252 12 20
252 321 40
252 857 65
252 912 41
253 83 20
253 117 77
253 293 21
253 327 59
253 413 56
253 676 3
253 777 48
253 868 47
253 924 21
254 126 13
254 354 42
255 64 10
255 396 20
255 684 35
255 814 50
256 148 24
256 188 16
256 454 3
256 730 31
256 802 48
256 910 72
256 928 15
257 88 29
257 333 93
257 465 43
257 590 59
257 719 73
257 750 14
257 792 26
258 419 45
258 859 71
258 873 76
259 33 56
259 82 89
259 313 35
259 366 85
260 45 78
260 158 25
260 199 70
260 202 16
260 531 53
260 883 73
260 982 36
261 578 78
262 233 54
262 409 7
262 420 70
262 444 49
262 519 85
262 534 31
263 74 92
263 313 55
263 461 46
263 659 40
264 181 3
264 497 43
264 623 15
264 709 3
264 714 46
264 801 23
264 966 31
264 973 79
265 370 36
265 590 91
265 840 79
266 387 31
266 463 13
267 312 34
267 509 10
267 749 65
267 751 19
268 374 52
268 458 76
268 554 50
268 713 66
268 808 59
269 175 39
269 180 23
269 248 37
269 388 29
269 479 38
269 552 35
269 834 47
269 886 30
270 329 61
270 452 75
270 632 4
270 679 25
270 715 0
270 829 77
270 919 49
271 87 99
271 268 93
271 283 64
271 287 99
271 825 28
271 842 94
271 869 61
271 943 66
271 945 21
271 988 31
272 55 28
272 434 44
272 703 86
273 31 72
273 34 33
273 723 89
273 792 93
273 875 22
274 116 81
274 133 85
274 183 61
274 747 95
274 884 29
275 84 82
275 221 76
276 265 75
276 309 91
276 506 2
276 597 34
276 924 52
278 27 3
278 80 34
278 489 35
278 568 33
278 859 52
279 498 67
279 776 22
279 882 8
280 638 67
281 85 52
281 272 57
281 589 98
281 734 53
281 746 99
281 827 61
282 196 80
282 326 58
282 339 27
282 534 96
283 160 53
283 667 36
284 253 27
284 944 59
285 200 90
285 325 18
285 426 70
285 550 40
285 762 2
285 900 68
286 64 0
286 277 42
286 523 66
286 535 96
287 0 86
287 27 20
287 41 26
287 208 38
287 340 66
287 393 27
287 699 10
287 753 83
287 847 4
287 863 79
288 384 21
288 925 95
289 647 81
289 690 33
289 713 41
289 944 65
290 59 84
290 98 58
290 241 64
290 293 96
290 311 40
290 339 54
290 795 52
291 166 61
291 641 65
292 159 51
292 382 21
292 439 53
292 492 54
292 600 78
292 962 14
292 997 49
293 716 28
293 855 34
294 450 49
294 589 24
294 798 94
295 168 25
295 906 14
296 202 73
296 268 46
296 281 21
296 546 80
296 658 86
296 710 89
296 714 5
296 782 29
296 834 23
296 916 78
296 939 44
297 91 24
297 340 23
297 433 40
297 654 28
298 39 83
298 343 34
298 582 52
298 682 75
299 56 28
299 330 94
299 444 97
299 730 75
299 890 93
300 413 41
300 424 64
300 768 23
301 344 27
301 387 27
301 702 44
301 768 47
302 120 59
302 612 21
302 683 90
302 714 29
303 281 52
303 375 67
303 422 98
303 634 3
303 925 28
304 4 40
304 237 85
304 368 96
304 378 91
304 512 16
304 672 21
305 1 34
306 39 73
306 126 57
306 396 86
307 481 12
307 518 33
307 793 4
307 997 51
309 364 33
309 415 2
310 671 78
310 940 99
310 974 90
311 257 93
311 667 17
311 850 95
311 904 45
312 99 61
312 170 15
312 204 2
312 250 75
312 618 57
312 862 20
313 474 22
313 698 89
313 756 21
313 838 17
314 173 69
314 350 86
314 456 47
314 503 48
314 626 17
314 651 40
315 235 71
315 312 97
316 35 90
316 59 58
316 94 47
316 122 25
316 403 48
316 429 61
316 581 77
316 671 86
316 854 86
316 890 67
316 996 89
317 134 53
317 213 9
317 903 30
317 914 95
318 81 58
318 114 13
318 135 76
318 201 42
318 390 24
318 432 13
318 602 7
318 726 11
318 858 50
318 870 1
318 963 13
319 272 91
319 634 36
319 750 28
319 881 26
320 165 31
321 104 46
321 592 97
321 655 27
321 818 5
322 333 73
322 486 8
323 37 38
323 132 72
323 153 48
323 341 49
323 445 3
323 537 38
323 540 79
323 569 24
324 444 70
324 767 66
325 140 91
325 313 23
326 948 44
327 42 10
327 274 60
327 413 54
327 488 77
328 288 39
328 936 4
330 48 28
330 91 11
330 733 23
330 961 47
331 75 4
331 376 83
331 746 70
331 805 51
331 861 0
331 943 8
331 970 53
332 866 58
333 105 87
333 146 29
333 559 27
333 721 46
333 867 53
334 1 37
334 296 76
334 588 99
334 620 71
334 874 72
335 72 0
335 190 77
335 460 5
335 485 0
335 592 18
335 616 57
335 759 69
336 397 18
336 665 33
337 278 93
337 566 32
337 623 64
337 653 68
337 721 75
338 342 28
338 424 70
338 963 35
339 336 21
339 552 30
340 487 99
340 501 35
340 686 21
340 888 70
341 93 48
341 813 46
342 780 77
343 446 32
343 523 87
343 593 80
343 731 51
344 736 37
344 863 49
345 103 30
346 891 37
347 396 66
347 402 65
348 281 32
348 453 3
348 624 92
348 831 50
349 702 7
349 827 54
350 6 1
350 138 72
350 315 36
350 333 25
350 606 95
350 832 73
351 129 37
351 140 25
351 199 3
351 329 90
351 347 73
351 816 94
352 641 44
352 658 79
352 793 39
353 465 45
353 942 4
355 15 31
355 232 65
355 771 9
356 71 80
356 72 50
356 388 52
357 70 71
357 241 50
357 532 3
357 599 90
357 886 9
358 74 87
358 111 81
358 124 8
358 436 69
358 737 45
360 38 88
360 814 54
360 908 98
361 132 28
361 255 66
361 397 53
361 742 94
361 760 84
361 770 13
361 928 59
362 406 60
363 28 84
363 300 5
363 628 29
363 721 65
363 967 36
364 141 99
364 381 90
364 498 8
364 975 26
365 75 86
365 111 17
365 334 49
365 397 68
365 718 35
365 756 84
365 874 20
366 33 85
366 290 27
366 465 32
366 592 88
367 140 3
367 385 2
368 41 17
368 282 48
368 421 58
368 441 72
369 244 94
369 538 4
369 878 59
370 607 96
370 676 43
370 850 44
370 923 98
371 137 33
371 176 86
371 444 7
371 466 78
371 794 85
371 986 62
372 31 6
372 32 89
372 563 28
372 688 51
372 876 90
373 31 4
373 289 85
373 480 73
373 652 94
373 666 60
373 750 60
374 108 35
374 548 83
374 849 52
376 255 42
376 529 31
376 901 13
376 931 8
376 945 53
377 130 87
377 246 20
377 350 48
377 519 83
377 998 86
378 419 51
379 590 35
379 943 77
380 8 67
380 165 46
380 355 68
380 374 84
380 430 11
380 570 39
380 913 64
381 65 72
381 779 2
381 946 9
382 140 16
382 169 36
382 260 89
382 261 95
382 271 69
382 836 19
383 133 75
383 720 44
383 846 43
384 405 40
384 920 87
385 967 16
386 687 29
386 833 60
386 972 2
387 20 30
387 21 2
387 444 86
387 759 62
387 879 0
387 957 3
388 77 13
388 425 1
388 675 43
388 915 50
388 954 2
389 75 12
389 625 29
389 668 88
389 932 19
390 61 87
390 199 85
390 250 86
390 425 55
390 632 89
390 991 68
391 18 20
391 139 35
391 148 46
392 32 8
392 37 25
392 570 19
392 752 24
392 963 62
393 33 31
393 65 28
393 249 94
393 548 29
393 704 66
394 159 23
394 180 97
394 291 71
394 490 48
394 506 16
394 948 86
395 102 16
395 197 8
395 583 33
396 339 86
396 706 5
396 853 58
397 96 94
397 125 6
397 361 85
397 424 68
397 751 1
398 244 59
398 500 82
398 505 39
398 760 98
398 851 88
399 282 86
399 567 97
399 623 0
400 24 93
400 179 17
400 861 63
401 199 27
401 789 55
401 796 72
401 826 92
402 115 92
402 189 87
402 411 57
402 923 31
402 935 41
403 42 0
403 252 18
403 367 99
403 672 76
403 960 62
404 213 32
404 729 15
405 53 71
405 346 25
405 626 53
405 826 16
406 162 45
406 222 86
406 295 86
406 427 13
406 510 13
406 684 54
406 823 43
406 918 68
407 804 7
408 415 8
409 463 49
410 461 34
410 463 48
410 470 49
411 40 50
411 233 26
411 368 48
411 984 47
412 0 64
412 377 23
412 441 30
412 840 70
413 98 46
413 400 16
414 314 24
414 944 57
414 994 29
415 16 15
415 85 18
415 96 22
415 377 94
415 399 55
415 644 36
415 656 61
415 741 56
415 765 30
416 286 5
416 452 8
416 649 77
416 665 52
416 774 56
416 827 69
416 893 49
417 463 53
417 581 22
418 385 1
418 489 59
418 619 91
418 622 19
418 900 28
419 526 83
419 565 5
419 648 89
420 225 81
420 254 53
420 345 83
420 832 25
420 882 32
421 145 91
421 310 17
421 445 10
421 461 1
421 716 62
421 912 67
421 945 65
422 6 26
422 592 13
422 936 73
422 946 6
423 2 85
423 279 96
423 527 0
423 815 9
423 883 13
423 890 17
423 918 66
424 565 72
424 678 52
425 184 15
425 430 51
425 493 91
425 524 18
425 614 12
425 867 89
426 95 6
426 362 63
426 606 73
426 617 57
427 355 60
427 743 4
428 124 81
428 681 90
429 404 5
429 555 10
430 107 91
430 238 91
430 266 5
430 794 22
430 831 95
431 86 95
431 286 60
431 476 91
432 227 60
432 535 8
432 799 20
432 896 67
432 955 5
433 255 65
433 260 25
433 740 1
433 843 72
434 549 41
435 546 59
435 549 17
435 693 72
435 976 40
436 670 62
436 825 52
437 303 23
437 695 79
437 734 84
437 815 75
437 866 49
437 922 87
438 274 26
438 656 65
438 860 73
438 978 38
438 981 47
439 48 65
439 535 1
439 718 7
439 778 38
439 880 35
439 958 22
440 89 94
440 375 62
441 53 23
441 683 88
441 936 67
442 280 16
442 361 83
442 444 33
442 735 89
442 979 7
442 984 72
443 47 53
443 188 27
443 245 96
443 296 73
443 438 18
443 448 92
444 224 78
444 415 14
444 621 5
444 881 75
444 936 78
445 523 43
445 609 14
446 182 35
446 577 17
447 40 18
447 347 19
447 427 3
447 726 71
447 846 71
448 106 84
448 632 41
448 636 53
449 238 55
449 436 99
449 491 60
449 924 72
450 801 61
451 115 4
452 93 41
452 149 0
452 169 62
452 275 41
452 284 5
452 645 95
452 681 33
452 754 82
452 946 21
454 971 90
454 992 2
455 358 47
455 544 44
455 725 71
455 947 24
455 979 78
456 148 44
456 388 66
456 405 31
456 535 11
457 601 68
458 39 5
458 71 6
458 79 88
458 127 30
458 594 71
459 768 85
460 184 91
460 253 50
460 428 93
460 512 0
460 652 71
461 290 62
461 295 52
461 519 13
462 402 39
462 611 77
463 53 5
463 134 72
463 331 1
463 508 49
463 920 66
463 963 97
464 74 46
464 194 84
464 501 80
464 537 58
464 557 62
464 643 19
464 705 45
465 239 6
465 523 0
465 762 39
465 772 14
465 783 53
466 44 59
466 235 59
466 262 49
466 662 92
467 83 0
467 425 50
467 541 29
467 728 93
468 70 43
468 184 17
468 425 4
468 629 43
468 802 88
468 882 19
469 86 75
469 330 23
469 519 41
469 881 39
469 982 13
470 175 96
470 183 89
470 199 15
470 320 88
470 384 47
470 610 5
471 205 30
471 344 30
471 428 59
471 778 40
472 286 66
472 402 76
472 407 94
472 479 93
472 645 92
472 972 30
472 983 85
473 84 60
473 976 50
474 445 88
474 633 91
474 708 46
474 781 42
474 920 72
474 972 21
475 352 0
475 615 28
476 154 35
476 381 47
477 108 13
477 209 63
477 493 95
478 358 62
478 939 38
479 573 6
479 707 45
479 716 0
479 803 99
480 405 82
481 144 96
481 500 80
481 579 23
482 5 36
482 89 42
482 104 53
482 508 2
483 595 41
483 911 35
484 774 80
485 55 72
485 464 23
485 592 22
485 619 46
485 822 3
486 25 64
486 199 20
486 556 3
486 602 37
486 677 69
486 996 6
487 196 33
487 297 18
487 326 76
487 341 61
487 577 74
487 670 28
487 728 29
487 764 13
488 215 8
488 282 55
488 319 89
488 520 1
488 664 73
488 682 41
488 763 20
489 165 21
489 425 84
489 758 90
489 766 87
489 796 48
489 948 82
489 958 41
490 103 50
490 197 56
490 375 46
490 604 1
490 925 24
490 972 18
491 252 9
491 482 29
491 647 17
491 811 14
491 933 29
491 934 52
491 995 42
492 142 22
492 193 52
492 297 73
492 320 99
492 433 40
493 41 49
493 68 66
493 146 21
493 515 69
493 927 69
494 571 6
495 552 35
495 566 56
495 741 22
495 811 93
496 646 83
496 942 72
497 188 72
497 338 76
497 711 91
498 28 46
498 223 90
498 369 91
498 797 41
499 222 33
499 792 13
500 169 24
500 970 39
501 34 29
501 482 47
501 850 28
502 141 87
502 224 96
502 277 62
502 374 6
502 541 4
502 617 99
502 928 21
503 32 51
503 221 63
503 232 0
503 362 8
503 472 20
503 511 74
503 729 7
503 861 31
504 281 46
504 392 85
504 483 66
504 529 98
504 748 58
504 837 53
504 979 38
505 157 2
505 337 4
505 440 83
505 702 58
506 88 56
506 158 89
506 767 53
507 40 23
507 153 74
507 349 51
507 360 27
507 622 27
508 80 40
508 135 15
508 185 38
508 460 82
508 489 58
508 753 97
508 961 59
509 80 79
509 97 62
509 292 77
509 300 95
509 343 0
509 822 78
509 974 41
510 422 74
510 946 65
511 125 38
511 202 34
511 954 35
511 976 5
511 992 24
512 98 72
512 145 60
512 482 15
512 593 30
513 126 97
513 259 51
513 408 94
514 147 62
514 290 16
514 336 83
514 505 44
514 523 29
514 785 27
514 799 10
515 621 93
515 787 90
515 859 40
515 935 88
515 964 42
516 149 15
516 726 66
516 786 34
517 282 71
518 159 18
518 220 35
518 262 44
518 349 47
518 509 64
519 481 70
519 596 15
519 809 1
520 728 88
520 792 65
520 940 60
521 61 44
522 149 77
522 242 12
522 685 84
522 882 10
522 911 80
523 371 27
523 539 9
524 215 99
524 442 54
524 988 93
525 80 17
525 213 24
525 483 38
525 746 44
525 845 99
525 904 95
525 953 92
525 975 89
526 357 37
526 386 10
526 937 66
526 959 60
527 137 43
527 282 93
527 540 86
527 807 94
528 366 72
528 491 97
528 748 79
529 132 9
529 540 5
529 788 9
529 981 12
530 131 10
530 209 20
530 605 90
530 618 48
530 630 76
531 204 95
531 461 10
531 570 10
531 806 68
531 829 82
532 283 73
532 761 69
532 963 7
533 782 12
533 828 84
535 397 25
535 450 73
535 502 63
536 279 94
536 281 70
536 429 88
536 763 16
536 980 16
537 560 49
537 598 77
537 623 22
537 629 89
537 695 25
537 743 33
537 814 63
538 113 56
538 351 47
538 469 83
538 782 54
538 869 12
539 299 75
539 365 21
539 585 41
540 245 8
540 297 42
540 443 56
540 725 50
540 795 66
541 259 31
541 355 35
541 416 77
541 755 39
541 833 15
542 63 47
542 567 49
542 659 87
542 998 86
543 306 32
543 373 66
543 848 26
543 924 23
544 50 41
544 165 3
544 344 75
544 605 24
545 317 45
545 813 95
546 260 27
546 556 70
546 678 69
546 759 3
547 258 84
547 346 26
547 951 7
549 280 45
549 300 1
549 348 77
549 496 84
549 546 39
549 578 79
549 806 4
549 888 23
550 16 60
550 339 38
550 353 81
551 110 57
551 487 26
552 95 21
552 492 53
552 773 70
553 228 64
553 271 55
553 976 70
554 980 88
554 988 41
555 482 53
555 814 31
555 832 81
555 905 89
555 917 71
556 42 40
556 170 50
556 531 95
556 561 27
556 798 3
556 973 16
556 974 47
557 435 12
557 476 92
557 980 91
558 143 61
558 646 82
558 914 30
559 589 70
559 932 96
559 953 7
561 56 6
561 350 47
561 563 4
561 568 13
561 739 84
561 932 58
561 991 52
562 125 21
562 354 2
563 400 41
564 12 40
565 599 51
565 650 32
565 762 73
565 965 87
566 582 31
566 694 31
566 955 57
567 54 77
567 310 66
567 493 96
567 577 54
568 30 38
568 538 74
568 684 61
568 797 25
568 994 79
569 120 93
569 535 62
569 581 43
569 638 63
569 807 35
569 808 31
569 816 83
569 959 28
570 38 12
570 211 35
570 233 54
570 337 35
571 60 4
571 500 77
571 886 5
572 67 38
572 221 22
572 249 40
572 257 70
572 284 26
572 411 16
572 514 66
573 97 12
573 465 5
573 589 61
573 705 44
573 733 52
573 908 9
574 454 69
574 500 66
575 90 38
575 154 70
575 290 25
575 337 76
575 617 90
575 762 67
576 227 43
576 539 22
576 540 23
576 763 98
576 811 8
577 671 22
577 675 5
577 750 7
578 74 95
578 187 13
578 640 64
578 931 44
578 948 6
578 949 5
578 956 77
579 224 28
579 432 48
579 673 10
579 837 88
580 85 13
580 127 50
580 299 48
580 331 67
580 477 16
580 740 30
580 796 98
580 870 90
580 875 7
580 919 26
581 144 40
582 202 75
582 578 59
583 399 35
583 591 45
583 930 65
584 252 86
584 433 0
584 447 68
584 734 54
584 738 88
584 790 17
584 951 1
585 41 23
585 89 7
585 216 50
585 289 71
585 702 73
586 91 58
586 108 77
586 495 22
586 807 26
586 929 31
586 987 71
587 80 85
587 88 97
587 102 84
587 531 39
587 629 18
588 955 45
589 1 15
589 20 55
589 597 36
589 683 9
590 480 8
591 28 61
591 403 64
591 562 76
591 848 35
591 897 13
591 949 35
592 135 26
592 311 57
592 536 20
592 921 40
593 373 71
593 477 92
593 725 31
593 799 62
593 851 84
593 990 91
594 130 46
594 146 90
594 950 43
594 993 67
595 16 15
595 720 73
595 826 45
596 21 48
596 527 7
596 659 9
596 728 51
596 737 61
596 839 83
596 884 76
597 189 63
597 322 95
597 376 54
597 554 32
598 117 90
598 309 93
598 458 61
598 604 33
599 137 67
599 474 95
599 608 47
599 643 55
599 788 61
599 837 92
600 249 19
600 510 3
601 77 15
601 316 94
602 350 91
602 369 82
602 832 5
603 125 22
603 190 86
603 688 98
604 163 79
604 476 90
604 489 31
604 623 25
604 677 6
604 684 58
604 902 53
605 511 83
605 887 57
605 946 89
606 58 87
606 187 35
606 221 75
606 345 43
606 391 93
606 411 97
606 666 35
606 852 86
606 989 84
607 278 58
608 60 21
608 252 47
609 19 27
609 924 54
609 989 2
610 177 71
610 450 82
610 642 95
610 828 56
610 859 25
611 167 82
611 292 91
611 712 9
611 842 24
611 941 89
611 990 38
612 672 26
612 682 83
612 696 76
613 253 11
613 600 52
613 696 89
614 428 13
614 686 5
615 195 43
615 348 98
615 609 64
615 709 72
615 904 99
616 175 4
616 218 44
616 288 82
616 524 29
616 750 89
616 935 51
617 15 26
617 211 29
617 229 24
617 233 71
617 968 65
618 720 37
618 800 29
618 872 94
619 169 47
619 343 48
619 413 80
619 667 63
620 56 33
620 116 47
620 296 24
620 545 29
620 670 49
621 193 38
621 483 27
621 596 4
621 692 93
621 842 65
622 538 92
622 545 40
622 747 7
622 925 2
623 84 54
623 353 36
623 632 43
623 852 25
623 899 14
624 115 73
624 204 56
624 537 48
625 219 84
625 273 47
625 627 29
626 157 37
626 364 85
626 663 91
626 812 75
627 5 46
627 425 0
627 831 41
628 265 86
628 667 98
628 809 86
628 979 47
629 48 53
629 84 9
629 224 48
629 560 21
629 699 33
629 754 1
629 851 88
629 916 74
630 94 0
630 406 31
630 560 87
631 61 19
631 324 7
631 640 34
632 582 82
632 789 46
633 290 21
633 367 37
633 437 34
633 505 78
633 509 57
634 327 25
634 415 62
634 784 26
634 893 53
634 999 57
635 263 30
635 517 45
635 621 77
635 643 88
635 860 71
636 210 17
636 355 67
636 458 67
636 677 95
636 714 64
637 212 85
637 534 56
637 694 2
637 909 50
637 969 84
638 631 65
638 771 93
638 815 2
638 944 66
639 46 62
639 455 61
639 658 4
640 52 36
640 131 70
640 703 66
641 231 87
641 258 47
641 296 62
641 304 96
641 335 98
641 732 37
641 998 58
642 569 0
642 620 86
643 90 47
643 465 72
643 500 50
643 534 77
643 700 22
643 907 70
644 237 82
644 383 6
644 662 57
644 826 36
645 449 71
646 324 41
646 362 86
646 443 14
646 490 68
646 718 38
646 889 78
647 149 31
647 221 37
647 299 89
647 426 43
647 458 2
647 618 13
648 446 5
648 483 7
648 523 51
648 804 34
649 15 41
649 339 13
649 595 22
649 930 28
650 8 19
650 88 66
650 570 80
650 688 39
650 703 28
651 21 99
651 87 75
651 219 90
651 258 13
651 275 28
651 410 77
651 760 98
651 880 44
651 884 37
651 986 44
652 175 50
652 399 50
652 471 80
652 753 33
653 439 26
653 594 27
653 674 20
653 701 41
653 936 95
653 953 29
654 67 30
654 497 39
654 540 97
654 729 34
654 822 7
654 823 18
655 81 95
655 371 2
655 410 59
655 574 31
656 171 47
656 631 41
657 386 79
657 708 46
657 718 15
657 958 91
658 293 6
658 721 84
658 799 61
658 816 84
659 498 86
659 792 98
660 250 85
660 916 63
661 144 59
662 224 74
662 291 29
662 363 35
662 721 64
662 855 77
662 946 81
662 996 13
663 222 18
663 460 63
664 104 77
664 141 11
664 858 43
665 11 25
665 206 98
665 237 90
665 753 4
665 781 2
665 908 40
666 74 92
666 92 82
666 171 80
666 218 91
666 275 46
666 486 55
667 49 17
667 299 35
667 437 55
667 869 65
667 953 46
668 6 29
668 68 91
668 359 95
668 627 98
668 677 19
668 974 76
669 108 27
669 378 76
669 875 98
670 161 15
670 241 82
670 416 63
670 455 11
670 525 84
670 538 76
670 712 80
670 820 66
670 847 18
671 47 15
671 729 6
672 439 28
672 446 56
672 563 2
672 836 77
672 989 53
673 98 57
673 386 21
674 257 85
674 325 65
674 836 12
674 838 88
674 902 0
675 320 90
675 725 7
675 792 61
675 862 72
676 164 57
676 395 41
676 604 73
676 629 50
677 575 24
677 872 36
678 108 86
678 199 74
678 454 64
678 455 93
678 676 53
678 942 45
678 960 1
679 577 37
679 637 0
679 864 21
680 360 78
680 636 36
680 926 78
681 465 67
681 588 42
681 879 8
681 970 47
682 333 0
682 475 15
683 213 92
683 460 14
683 547 40
683 857 68
683 966 99
683 988 19
684 23 70
684 119 32
684 168 6
684 293 58
684 499 1
684 779 79
684 792 67
685 115 21
685 708 58
685 711 66
686 80 16
686 551 87
686 589 40
686 720 57
686 804 85
686 888 17
686 943 35
687 96 7
687 171 77
687 478 12
687 516 18
687 529 49
688 352 97
688 466 16
688 884 68
688 919 36
689 113 8
689 205 56
689 663 71
690 162 35
690 211 94
690 420 46
690 650 62
690 969 44
691 183 81
691 197 46
691 588 38
691 706 26
691 744 58
692 114 87
692 353 95
692 407 18
692 425 55
692 539 47
692 640 87
692 787 32
693 199 32
693 288 88
693 332 51
693 409 20
693 703 67
694 141 9
694 658 2
694 695 24
695 139 68
695 169 31
695 298 42
695 918 59
696 373 61
696 481 71
696 833 11
696 906 67
697 20 94
697 209 30
697 293 13
697 612 3
697 919 80
698 550 58
698 598 78
698 616 80
698 955 44
698 979 11
699 66 68
699 101 7
699 153 51
699 188 78
699 642 98
700 217 16
700 342 30
700 523 64
700 530 61
700 622 74
700 638 80
700 849 22
700 971 64
701 193 34
701 479 94
702 439 6
702 564 39
703 39 10
703 102 69
703 444 76
703 494 62
703 547 52
703 864 45
703 953 17
704 640 72
704 736 67
704 869 40
704 995 52
705 91 59
705 162 89
705 479 21
705 484 43
705 670 40
705 694 30
705 713 11
705 797 18
705 874 63
705 965 23
706 363 10
706 419 43
706 525 30
707 184 44
707 234 46
707 529 66
707 631 48
707 813 60
707 955 66
708 248 91
708 761 33
708 800 19
709 57 2
709 72 68
709 371 42
709 799 97
709 971 71
710 61 85
710 271 13
710 544 10
710 583 3
710 758 72
710 968 8
711 229 53
711 375 84
711 460 35
711 537 78
712 37 98
712 131 14
712 984 24
713 271 94
713 332 92
713 793 34
713 835 16
713 968 51
714 85 79
714 356 19
714 599 41
714 650 90
714 846 75
714 946 88
715 429 66
715 615 36
715 945 93
716 573 61
716 597 88
716 718 95
716 756 28
716 797 18
716 932 52
717 43 76
717 859 72
717 892 98
718 128 48
718 503 67
718 588 51
718 668 36
718 753 39
718 777 81
718 919 59
719 484 24
719 608 88
719 677 91
720 79 91
720 198 27
720 244 18
720 291 88
720 380 41
720 643 6
721 426 63
721 587 77
722 195 66
722 556 18
722 938 37
722 971 57
722 983 31
723 714 71
723 817 12
723 872 48
724 217 56
724 246 87
724 346 0
724 511 67
724 634 33
724 686 86
724 929 51
725 107 83
725 301 83
726 15 93
726 201 24
726 269 34
726 401 34
727 250 82
727 426 71
727 649 19
727 658 36
727 665 0
727 672 7
727 709 66
727 712 96
727 771 13
727 825 60
727 868 64
728 145 42
728 261 77
728 812 31
729 81 95
729 413 3
729 534 50
729 726 38
729 882 51
730 396 4
730 503 41
730 553 51
731 500 48
731 707 46
731 747 11
731 941 23
732 76 67
732 280 67
732 392 43
732 638 65
733 59 14
733 735 83
734 75 49
734 114 1
734 344 28
735 98 92
735 152 48
735 616 13
735 804 18
736 25 6
736 141 14
736 438 58
736 502 25
736 555 33
736 890 15
737 91 56
737 102 15
737 635 30
737 831 55
738 267 76
738 378 97
738 383 38
738 801 23
739 491 14
739 666 22
739 827 97
739 853 48
740 546 74
740 597 45
740 692 43
741 199 67
741 267 62
741 315 76
741 529 78
741 781 23
741 954 13
742 86 64
742 610 72
743 439 1
743 741 45
744 4 30
744 362 69
744 388 10
744 511 23
744 840 82
745 18 15
745 125 10
745 341 32
745 649 86
745 762 23
745 924 72
745 925 23
745 928 5
747 72 90
747 523 97
747 865 88
748 67 36
748 85 78
748 103 15
749 137 69
749 273 64
749 421 39
750 960 45
751 70 95
751 208 78
752 396 82
752 524 18
752 905 61
753 210 42
753 249 58
753 448 45
753 480 18
753 704 38
753 955 26
754 201 23
754 398 46
754 481 12
754 511 41
754 535 3
754 593 95
755 95 85
755 102 19
755 381 28
756 4 49
756 609 66
756 632 70
756 635 68
756 840 66
756 867 60
757 170 15
757 285 14
757 413 96
757 740 7
758 164 9
758 221 88
758 305 77
758 588 21
758 685 23
758 954 88
759 189 22
759 192 5
759 393 48
759 501 74
759 541 61
759 598 42
759 670 28
759 755 17
760 57 63
760 357 24
760 586 19
760 738 57
760 752 58
760 756 92
760 896 67
760 919 31
761 339 28
761 493 17
762 237 72
762 942 91
763 188 68
763 648 32
763 668 92
763 771 92
763 901 3
764 234 76
764 874 64
764 935 72
765 356 33
765 601 40
766 24 44
766 70 96
766 222 57
766 587 8
766 735 10
766 944 55
767 407 77
767 656 54
767 754 87
767 854 48
767 978 30
768 22 13
768 52 78
768 140 87
768 233 95
768 258 47
768 873 35
769 223 88
769 237 1
769 675 17
769 709 56
769 715 53
769 809 88
770 14 10
770 426 87
770 526 68
770 555 7
770 569 39
770 603 55
770 851 97
771 363 1
771 392 12
771 411 47
771 585 29
771 611 78
772 693 58
773 97 80
773 306 80
773 480 38
773 589 62
773 601 7
773 740 55
774 43 29
774 444 99
774 774 67
774 859 98
775 0 12
775 72 33
775 410 32
775 624 78
775 889 69
776 212 91
776 692 50
777 338 75
777 786 81
778 200 71
778 879 73
779 663 59
779 910 52
780 431 80
780 554 78
780 818 28
781 334 51
781 451 69
781 638 6
781 702 93
781 711 55
781 833 74
781 990 33
782 315 80
782 321 16
782 760 65
783 35 26
783 387 93
783 781 6
783 791 22
783 794 63
784 64 85
784 333 72
784 704 90
785 0 51
785 333 64
785 334 13
785 522 45
785 528 43
785 583 48
785 774 84
785 932 70
786 57 59
786 393 20
786 498 70
786 528 9
786 611 22
786 668 97
787 94 14
787 984 29
788 255 77
789 361 85
789 605 95
790 13 12
790 376 56
790 424 41
790 476 41
790 923 99
791 341 37
791 392 10
791 469 12
791 576 24
791 661 81
792 65 78
792 200 43
792 504 22
792 964 54
793 323 32
793 405 81
793 432 36
793 505 46
793 585 65
794 26 63
794 41 64
794 561 3
794 577 44
794 744 6
795 60 1
795 387 43
795 499 93
795 742 37
796 312 62
796 484 93
796 726 65
798 117 44
798 224 24
798 467 46
798 523 1
798 642 2
799 352 48
799 569 7
799 919 41
800 407 34
800 804 85
800 848 93
801 339 44
801 759 9
802 313 6
802 727 46
802 943 96
803 434 82
803 439 94
804 6 68
804 644 6
804 741 9
804 969 83
805 112 56
805 127 37
805 684 78
806 381 90
806 438 96
806 452 96
807 98 30
807 217 26
807 407 27
807 567 69
808 52 41
808 277 66
808 290 52
808 559 56
808 620 81
808 632 78
808 832 45
809 35 21
809 84 56
809 640 21
809 933 22
810 128 70
810 428 13
811 225 43
811 229 24
811 245 67
811 535 35
811 721 16
811 814 90
812 21 41
812 24 45
812 151 15
812 434 77
812 627 84
813 358 79
813 514 9
814 190 67
814 298 71
814 502 70
814 564 0
814 599 16
814 718 44
814 787 39
815 64 26
815 263 60
815 330 39
815 344 52
815 713 34
815 888 56
815 949 57
815 951 41
816 230 49
816 610 42
816 803 90
817 340 42
817 492 92
818 49 12
818 232 50
818 546 50
818 557 61
818 815 84
819 107 5
819 318 90
819 586 91
821 58 43
821 340 40
821 718 98
821 833 35
821 855 20
822 750 37
823 64 37
823 237 23
823 395 1
823 485 56
824 240 32
824 449 86
824 601 92
824 683 98
824 999 22
825 251 90
825 270 95
825 718 73
825 729 94
826 125 90
826 276 90
826 348 78
826 722 38
826 852 75
827 195 36
827 201 2
827 436 91
827 499 61
827 637 86
827 910 26
827 915 37
827 979 46
828 94 18
828 235 53
828 288 12
828 459 22
828 530 24
828 581 99
829 243 82
829 448 27
829 645 94
829 650 36
829 775 8
829 900 13
830 593 6
830 957 51
831 889 26
832 123 61
832 858 96
832 885 28
832 932 69
833 3 10
833 223 52
833 618 3
833 920 2
834 101 5
834 633 70
834 891 21
835 663 15
835 680 76
835 828 14
836 110 68
836 374 20
836 797 2
836 981 39
837 427 96
837 537 59
837 859 61
837 981 18
838 31 21
838 232 19
838 456 98
838 556 79
838 613 33
838 865 12
838 998 15
839 183 17
839 277 72
840 231 35
840 497 85
840 633 37
841 19 52
841 938 93
842 80 16
842 131 60
842 288 6
842 721 87
843 4 1
843 48 32
843 274 16
843 430 20
843 441 80
843 693 66
843 807 9
844 554 43
844 921 60
845 374 38
845 675 45
845 950 26
846 93 87
847 313 86
847 469 45
847 648 47
847 719 83
847 803 24
848 235 38
848 784 45
848 926 67
849 23 12
849 50 46
849 75 26
849 442 6
849 796 42
849 854 72
849 873 43
849 912 88
850 22 40
850 287 40
850 398 79
850 456 5
850 516 26
850 593 64
851 277 23
851 732 65
851 968 84
852 211 30
852 505 50
853 223 78
854 72 34
855 53 62
855 60 93
855 127 97
855 198 62
855 305 26
855 755 52
855 855 42
856 180 29
856 445 62
856 896 10
857 41 91
857 319 75
858 512 56
858 809 89
858 934 1
858 952 46
859 305 96
859 324 99
859 997 99
860 0 7
860 208 82
860 276 60
860 320 90
860 445 90
860 783 86
861 988 39
862 2 48
862 127 77
862 248 79
862 396 60
862 421 67
862 836 60
863 130 21
863 166 63
863 970 55
864 407 95
864 479 72
864 720 9
864 769 70
865 554 0
865 686 19
865 696 33
865 938 81
865 952 19
866 168 47
866 209 34
866 693 64
867 33 75
867 302 31
868 174 1
868 374 92
868 391 28
868 614 13
869 258 11
869 398 98
869 408 17
869 456 31
869 536 58
869 583 56
869 861 88
870 754 72
870 990 73
871 649 90
871 904 93
872 106 56
872 345 63
872 552 74
872 578 89
872 652 89
873 124 41
873 404 59
874 78 37
874 242 41
874 563 25
875 433 69
875 569 4
875 692 10
876 178 20
876 826 96
877 770 2
878 140 11
878 286 24
878 338 23
878 428 55
878 827 3
878 923 85
879 301 12
879 500 93
879 519 26
879 521 48
879 858 83
881 467 21
881 516 77
881 619 48
881 843 10
881 998 22
882 35 92
882 86 65
882 540 15
883 239 68
883 661 59
883 662 2
883 925 65
884 128 46
884 177 12
884 819 79
885 2 10
885 245 9
885 337 11
885 408 60
885 962 80
885 974 71
886 388 21
886 935 33
887 12 12
887 801 50
888 499 25
888 795 38
888 969 13
889 632 88
889 780 65
889 858 52
890 106 13
890 163 83
890 289 17
890 671 5
890 711 64
890 729 70
892 444 54
892 451 53
892 798 90
893 23 40
893 630 74
893 877 14
893 984 57
894 12 92
894 381 59
894 682 33
894 703 11
894 804 19
895 135 8
895 303 40
895 747 8
896 20 1
896 22 17
896 472 50
896 769 31
897 504 98
897 542 8
897 677 74
897 828 51
898 73 88
898 271 86
898 447 45
898 792 21
898 985 47
899 120 20
899 784 65
899 897 98
900 232 75
900 591 62
900 732 56
900 788 27
901 189 16
901 318 5
901 326 53
901 343 76
901 442 77
901 653 20
901 901 49
902 255 60
902 602 69
902 962 23
903 676 43
903 973 91
904 279 88
905 162 17
905 824 51
905 958 91
906 321 89
906 463 49
906 485 99
906 706 89
906 707 56
906 831 39
907 71 22
907 437 18
907 554 76
908 162 50
908 411 93
908 716 0
908 852 60
909 841 30
909 902 61
910 727 26
910 737 36
910 990 8
911 106 68
911 115 87
911 492 51
911 507 6
911 922 51
912 289 53
912 304 96
912 639 35
912 762 67
913 154 24
913 361 10
913 591 4
913 693 64
913 830 14
914 155 90
914 283 37
915 68 83
915 189 81
915 462 72
915 667 10
915 672 52
915 953 85
916 28 61
916 182 29
916 685 93
916 697 91
916 716 28
917 6 31
917 227 55
917 290 67
917 683 18
917 793 73
917 870 15
918 482 84
918 800 44
919 79 88
919 91 48
919 174 87
919 855 97
920 106 71
920 245 66
920 297 29
920 586 27
920 654 59
920 845 58
920 938 83
921 191 90
921 544 70
921 628 35
921 779 1
921 987 63
922 40 1
922 512 48
922 837 74
922 876 37
922 946 46
923 67 0
923 118 50
923 359 57
923 396 17
923 499 31
923 870 42
923 883 5
924 188 63
924 438 14
924 961 25
925 74 24
925 148 74
925 201 55
925 380 8
925 468 25
925 658 29
925 840 99
926 828 79
926 906 91
927 29 11
927 313 62
927 609 19
927 728 96
927 773 34
928 97 18
928 423 20
928 590 99
929 72 77
929 495 66
929 695 3
929 930 46
929 993 47
930 264 23
930 408 30
930 977 6
931 322 79
932 1 2
932 79 82
932 549 62
932 953 24
933 137 3
933 188 55
933 444 56
933 652 24
934 102 87
934 205 83
934 383 11
934 495 75
935 43 31
935 78 13
935 145 82
935 217 12
935 481 14
935 735 83
935 948 59
936 838 82
937 12 47
937 174 12
937 261 9
937 599 99
937 869 58
938 5 66
938 223 42
938 445 28
938 657 90
938 789 1
938 817 95
939 999 15
940 43 18
940 851 62
940 989 25
941 131 49
941 267 41
941 502 93
941 724 66
941 790 23
941 791 66
942 698 22
942 710 88
942 929 40
943 312 32
943 347 84
943 624 64
943 834 43
943 893 39
944 125 39
944 240 31
944 439 26
944 535 64
944 920 75
945 502 46
945 740 24
945 852 47
945 909 9
946 89 80
946 103 31
946 187 7
946 190 75
946 888 8
947 293 29
947 445 70
947 446 59
947 793 30
947 889 92
948 8 72
948 210 95
948 251 81
948 723 82
949 364 85
949 406 10
949 926 23
950 308 41
950 457 5
951 18 73
951 140 94
951 581 98
951 922 4
952 322 28
952 626 31
953 308 23
954 78 85
954 85 10
954 676 54
954 930 52
955 28 61
955 155 23
955 625 10
955 641 43
955 739 40
955 978 79
956 158 49
956 239 25
956 524 66
956 980 61
957 286 66
957 517 65
957 639 94
957 759 0
958 578 65
958 632 63
958 757 71
958 899 27
958 945 6
959 118 28
959 450 21
959 527 81
959 566 3
959 862 18
959 953 59
960 114 45
960 510 91
960 945 23
961 717 7
961 907 76
962 168 19
962 548 81
962 819 75
962 982 96
963 124 34
963 454 88
964 541 26
964 616 14
965 1 5
965 37 19
965 124 84
965 539 1
966 81 48
966 104 84
966 478 45
966 690 68
966 706 46
966 805 94
967 45 67
967 102 65
967 515 42
968 837 24
968 926 17
968 927 94
969 15 65
969 72 15
969 488 64
969 740 1
969 839 8
970 336 95
970 608 68
970 689 49
970 788 94
971 27 97
971 277 73
971 421 80
971 587 43
971 844 77
971 864 13
972 61 81
972 457 69
972 628 96
973 300 64
973 922 48
973 981 3
974 69 52
974 72 91
974 89 59
974 252 46
974 270 70
974 488 22
975 260 14
975 430 51
975 440 34
975 489 50
975 813 83
976 329 68
976 342 99
976 694 90
977 132 56
977 200 74
977 457 85
977 675 13
977 697 70
977 854 12
978 443 61
978 748 50
978 766 4
978 891 23
978 956 34
979 85 13
979 138 6
979 199 5
979 299 22
979 365 54
979 569 66
979 618 19
979 897 87
980 166 61
981 207 19
981 468 14
981 552 83
981 655 87
981 700 61
981 941 61
982 328 52
982 901 6
983 224 86
983 445 74
983 987 23
984 339 56
984 409 34
984 536 61
984 881 48
984 969 78
985 102 80
985 103 81
985 501 22
985 524 64
985 537 20
985 684 1
985 990 72
986 290 61
986 419 35
986 651 9
986 925 2
987 445 5
987 501 68
987 570 89
987 795 45
988 170 68
988 891 40
989 248 79
989 298 83
989 437 99
989 770 49
989 895 98
990 145 53
990 588 10
990 797 92
990 843 57
991 145 84
991 166 17
991 301 13
991 461 30
991 789 68
992 690 74
992 959 48
993 54 94
993 90 53
993 176 5
993 191 40
993 782 3
993 790 62
994 86 34
994 157 21
994 256 52
994 633 85
995 946 78
996 855 28
997 120 67
997 650 89
997 707 54
998 83 39
998 545 97
999 137 15
999 151 43
999 336 29
999 418 38
999 478 66
